2123
22	140	2582
28	226	1273
40	341	1977
43	298	1751
47	122	1277
54	144	2021
57	140	2151
59	152	2492
61	119	1427
61	341	2443
63	267	2668
65	160	1499
70	194	2868
70	288	1265
71	331	1067
73	131	2441
73	164	2842
76	130	2888
79	140	2988
92	152	1511
94	226	2140
98	160	1982
101	122	2882
103	144	1791
104	341	1561
111	131	2323
111	164	1204
114	331	1493
117	298	1879
128	194	2469
129	267	1177
130	119	1384
134	160	1678
138	140	1710
146	122	1738
147	130	2594
149	288	2696
153	226	1667
153	341	1013
155	144	2343
158	119	1055
166	122	2246
168	152	1747
173	130	1108
175	131	2794
177	341	2781
183	164	2128
183	331	1090
187	298	2039
195	226	2681
195	267	2015
197	119	1118
200	140	1777
200	160	1763
206	194	1297
210	130	1827
211	122	1807
217	131	2182
219	152	2347
220	164	1291
221	144	2281
222	331	1275
224	288	1485
231	160	2492
236	341	1486
245	298	1429
246	194	2255
248	140	2045
252	267	1061
253	288	1038
254	331	2056
258	130	1833
262	119	1063
262	122	2916
268	194	1076
268	226	2759
271	152	2123
272	298	1886
278	144	2180
279	160	1148
280	130	1777
281	341	1994
291	140	1243
293	131	1576
293	298	2238
294	194	1315
296	164	2907
297	267	1401
300	331	2758
302	341	1601
309	288	2593
311	119	2988
313	226	1381
323	144	1507
328	331	1071
330	122	2602
330	194	2946
334	152	2088
336	160	1181
338	130	1668
343	140	2784
359	160	2132
361	130	2269
366	288	1405
368	131	2494
368	267	2306
370	298	1088
374	164	1571
375	119	1509
377	144	2703
377	331	1052
381	226	2797
381	341	1832
385	130	1802
391	152	1162
397	122	1068
398	288	1447
401	140	1070
405	194	2937
409	160	1284
417	331	1092
418	226	2871
425	152	1634
426	341	1508
431	130	1923
432	131	2451
433	160	2236
440	298	2896
441	122	2423
442	140	2945
444	164	2010
444	267	1496
448	144	1994
450	194	1153
450	288	2457
452	119	2144
462	341	1116
464	298	1950
468	140	2017
471	160	1267
471	331	2315
472	119	1769
472	152	2405
472	226	2062
477	144	2984
481	131	2469
482	194	1617
488	341	2360
489	130	1906
497	288	2763
500	298	1331
510	226	2277
514	122	2686
516	194	2007
520	164	1490
521	267	1261
523	119	1093
523	331	2589
530	160	1431
532	341	1290
539	131	2570
541	298	2988
543	144	2952
545	267	2349
546	152	1915
551	226	2035
568	288	2216
575	267	2346
578	331	1245
581	131	1622
586	119	1205
588	194	2886
596	152	2960
596	164	2911
597	298	2555
603	144	2543
604	341	1179
607	131	2618
608	267	1702
609	160	1206
609	194	1732
625	331	1787
637	267	2415
641	131	1635
644	298	1244
645	288	2758
647	164	2591
649	119	2978
652	160	1653
654	331	2592
657	144	2621
668	341	2335
669	152	1843
672	119	1054
675	194	1282
686	331	1590
690	131	1020
700	298	1974
701	288	2607
705	267	1799
708	160	2223
708	164	1233
709	119	1392
712	331	1166
714	194	1156
723	298	2068
725	102	2417
725	267	1662
733	152	2645
738	335	2917
758	119	1134
758	331	2625
760	160	2841
766	164	2060
767	131	2356
777	152	2166
780	288	1324
781	194	2365
802	152	1839
802	331	2191
805	119	2727
807	288	1351
831	288	2362
835	164	1647
838	119	2036
845	131	1789
898	288	2413
911	119	1784
914	131	1322
963	119	2012
979	131	1542
1000	131	2050
1030	183	2253
1048	228	1837
1064	270	2950
1240	146	2843
1404	301	2996
1630	285	2023
1702	137	1268
1857	235	1160
1881	321	2890
2039	313	1064
2087	299	2310
2161	340	1609
2246	334	2100
2327	167	2750
2398	239	2027
2427	222	2418
2542	212	2201
2594	255	1044
2639	252	1999
2707	260	1033
2855	340	1367
3005	168	1046
3235	342	1120
3240	214	2504
3273	170	2657
3279	205	2289
3346	157	1721
3486	314	1583
3511	109	1676
3550	250	1645
3663	208	2711
3847	118	1813
3875	165	2321
4094	202	1469
4353	266	2368
4358	153	2366
4378	335	1760
4400	197	1332
4424	244	1742
4426	179	1995
4470	225	1472
4473	213	1922
4496	189	1098
4730	223	2051
4756	211	1741
4781	121	2782
4782	251	1202
4803	257	1334
4820	186	2900
4872	334	2876
4873	171	1946
5030	129	2471
5045	264	1978
5085	291	1272
5092	290	1375
5145	182	2442
5207	240	1411
5244	276	2834
5285	248	2412
5302	313	2854
5391	221	2953
5465	270	1787
5472	188	2339
5517	237	2662
5519	176	1009
5672	253	1534
5753	277	2543
5761	297	1492
5815	280	1315
5831	317	1115
5838	329	2993
5860	230	2662
5911	127	1574
5918	153	2104
5942	285	2791
5981	289	2579
5996	166	1474
6058	305	2018
6287	177	1441
6320	254	1804
6321	310	1607
6556	287	1950
6600	157	1939
6731	304	1186
6777	162	1408
6888	178	2780
6937	261	1659
7162	103	2866
7268	274	1491
7307	193	1129
7309	150	1455
7317	332	1024
7374	281	2302
7432	269	1727
7443	256	1645
7478	235	2911
7512	228	2881
7519	215	2304
7576	289	1163
7628	141	1114
7645	195	1466
7688	232	1174
7740	326	1026
7801	142	2338
7812	308	2960
7832	301	1868
7883	293	2934
7937	238	2474
7949	339	1703
7996	220	2332
8049	323	1997
8138	309	2195
8205	125	2339
8387	321	2513
8450	201	2710
8491	231	1504
8630	336	2157
8646	117	2683
8692	210	2557
8760	159	1062
8837	333	1324
8883	192	2433
8911	136	1809
8912	250	2243
9005	294	2697
9013	229	1705
9018	120	2445
9021	172	2100
9034	252	2136
9177	124	1508
9228	330	1878
9453	239	2051
9579	135	1731
9588	155	2531
9656	342	1451
9657	198	1101
9684	255	1428
9690	278	1959
9700	315	2011
9722	275	2242
9883	195	2526
9952	211	2006
10016	185	1271
10018	206	2801
10115	149	1389
10141	148	2966
10159	101	1756
10219	128	2903
10265	179	1302
10287	137	2411
10325	236	2050
10422	239	2807
10506	108	1381
10525	282	2445
10542	146	1181
10593	322	1668
10664	258	2985
10702	249	2835
10737	133	2592
10762	169	2988
10774	327	2942
10789	216	2972
10807	187	1232
10846	127	2432
10954	151	1156
10965	190	1027
11004	186	1028
11298	100	1010
11423	316	1910
11437	111	2239
11501	110	1546
11565	176	2208
11785	251	1478
11788	262	1777
11790	240	1639
11942	183	2295
12002	103	2979
12049	321	1091
12054	329	1182
12076	213	2672
12082	324	1600
12111	197	2418
12288	266	1951
12311	180	1399
12321	318	1979
12373	304	2413
12377	322	2724
12501	343	2255
12541	165	2907
12564	162	1331
12569	112	2058
12573	168	1134
12585	115	1353
12615	297	1468
12692	239	1951
12725	139	1761
12805	234	1434
12810	128	2722
12830	174	1111
12852	249	1569
12864	106	2705
12952	316	1835
12990	286	2032
13055	181	1351
13063	241	1058
13127	246	1675
13209	223	1630
13353	232	2860
13582	299	2082
13615	291	1135
13670	171	2941
13674	273	2790
13769	129	1798
13833	187	1372
13886	259	2190
13896	146	2612
13945	109	2174
13958	102	1781
13977	159	1969
14000	337	1337
14028	238	1043
14051	319	2754
14086	305	1328
14164	253	1075
14179	204	2755
14244	254	1481
14258	287	2028
14274	280	2192
14293	137	1119
14331	275	2822
14562	220	2124
14759	248	2069
14772	206	2110
14799	266	2690
14884	199	2628
14905	168	1850
14945	314	2715
14991	333	1315
14996	239	2763
15021	308	2149
15074	121	2445
15153	330	1429
15239	114	1241
15350	250	2962
15357	161	2541
15463	214	2959
15611	173	1564
15677	243	2216
15726	294	2746
15740	104	1634
15789	315	2057
15857	192	1175
15878	197	2058
15943	274	2915
15944	204	1471
15968	334	2021
16026	295	1170
16054	238	1558
16067	310	2797
16071	342	1021
16115	264	1799
16146	158	1502
16164	280	1688
16277	222	2692
16341	309	2301
16345	255	1662
16391	113	1175
16396	276	1295
16472	151	1929
16518	227	2089
16559	176	1731
16588	166	1732
16607	182	2397
16607	208	1942
16679	328	2983
16719	229	1814
16813	139	2822
16927	244	1512
17056	186	2967
17146	284	2428
17199	258	2668
17203	110	1574
17229	299	2834
17252	114	1943
17305	330	1661
17365	336	1121
17456	301	1284
17492	283	1880
17538	235	2633
17673	337	2052
17675	326	1953
17677	324	1612
17708	148	2799
17711	272	2144
17800	237	1845
17863	161	2398
17896	277	2881
17980	212	2474
18058	229	2917
18082	343	2149
18104	230	2260
18119	210	2134
18122	239	2599
18155	125	2258
18202	166	2103
18236	254	2106
18269	155	2020
18289	216	1489
18310	214	1035
18310	312	2353
18363	124	2540
18445	325	1978
18459	145	2023
18468	123	1162
18480	174	2782
18520	287	1374
18526	219	1621
18548	280	2439
18606	109	2704
18677	205	1412
18727	103	1508
18803	222	1436
18805	115	1415
18812	165	1508
18836	225	1432
18845	100	2810
18862	168	2918
18865	245	1004
18894	281	2735
18974	236	1337
18977	294	2892
19078	188	1408
19090	248	1684
19095	157	1016
19112	182	1270
19127	251	2542
19229	156	2952
19312	135	2054
19421	146	2998
19451	299	1363
19462	196	2397
19478	295	2234
19579	337	2207
19693	335	2805
19790	338	1032
19852	133	2222
19873	259	1744
19914	101	2467
20008	297	1409
20025	163	1522
20076	300	1696
20097	108	1704
20125	181	2807
20147	186	1268
20163	257	2437
20224	231	2706
20256	260	2384
20372	314	2673
20459	247	1454
20462	172	2820
20467	323	2794
20468	134	1629
20499	198	1710
20521	141	1469
20542	315	1044
20597	197	2847
20617	200	2733
20813	224	2940
20818	106	2621
20822	280	1390
20904	138	2122
20912	177	2443
20931	300	1713
20941	162	2530
20958	292	1597
20974	179	1666
21000	250	1311
21016	317	1833
21083	293	1379
21155	111	2332
21159	153	2492
21159	313	2198
21324	336	2545
21558	270	2371
21576	285	1924
21590	334	1580
21629	208	1286
21709	223	1833
21809	256	1008
21817	192	2896
21824	325	1030
21846	339	2184
21853	327	1479
21855	193	2551
21973	249	2516
21986	273	2563
22049	289	2122
22082	332	2839
22104	207	2753
22208	305	1418
22227	150	2018
22235	322	2376
22245	215	1249
22379	117	2430
22397	136	2906
22571	102	2544
22581	304	2041
22587	317	1309
22656	127	2698
22668	148	2891
22678	264	2455
22694	142	2190
22696	343	1411
22734	237	2737
22737	147	2146
22741	221	1997
22764	103	2966
22796	321	2771
22871	328	2190
22963	137	2621
23019	291	2109
23039	275	1841
23142	120	1102
23202	153	2742
23361	167	2303
23363	254	2888
23390	319	1821
23477	282	1584
23495	290	1877
23531	165	2404
23610	232	1913
23622	300	2523
23670	240	1570
23719	214	1485
23735	310	1999
23872	329	2310
23920	201	1042
23920	299	2298
24044	128	1543
24282	203	1327
24286	317	1138
24299	129	1639
24351	101	1959
24362	258	2676
24417	204	1954
24468	238	1261
24492	228	1591
24530	230	1949
24597	209	2771
24631	252	1379
24671	295	2406
24680	242	2640
24760	195	1915
24838	173	1185
24911	233	2438
24957	249	1050
24983	188	2954
25015	293	2131
25033	100	2426
25274	303	1501
25304	124	2667
25344	219	2857
25366	172	2665
25385	239	1612
25412	324	1225
25414	269	2981
25500	158	1767
25630	128	1210
25679	260	1352
25957	294	2851
26000	167	1748
26049	149	2212
26079	199	2672
26087	231	2347
26129	307	1437
26141	314	2775
26233	134	2428
26248	301	2307
26266	213	1397
26374	290	1123
26378	184	1217
26397	165	2456
26398	231	2980
26493	206	1230
26541	106	1509
26593	103	2289
26634	255	2495
26834	225	1626
27042	305	1370
27045	111	2173
27070	202	2735
27076	214	1288
27158	335	1556
27209	309	2660
27284	156	1247
27360	127	2570
27496	332	1256
27561	325	1334
27694	337	2900
27713	275	2080
27783	212	1077
27811	158	1671
27853	191	2650
27865	154	2834
28071	265	1877
28083	312	1900
28108	338	2207
28202	217	2771
28291	126	1266
28297	117	1678
28313	291	1231
28343	246	1087
28351	197	2977
28378	328	2062
28379	182	1096
28432	300	1576
28446	280	2521
28537	281	1159
28602	192	1127
28615	278	2482
28657	248	1060
28669	193	2108
28763	297	2209
28826	316	1965
28856	244	1005
28950	139	1725
29042	125	2889
29094	237	1175
29096	223	2712
29144	211	2716
29256	250	1950
29343	198	1448
29374	180	2809
29379	277	1225
29390	251	2490
29474	294	1366
29492	342	1213
29540	197	2669
29642	184	2376
29764	333	2645
29770	235	2311
29784	305	1684
29840	161	2056
29888	210	2336
29991	200	1498
29992	109	2850
30013	232	2580
30056	236	2537
30099	129	1753
30118	294	1894
30128	332	2714
30169	214	1991
30237	287	2134
30260	110	2065
30347	273	1857
30364	118	2840
30366	258	2932
30447	176	1130
30478	181	1126
30500	146	1276
30659	270	1551
30701	179	2119
30749	239	2251
30798	343	1353
30851	334	2739
30898	218	2788
30994	142	2310
30996	157	1715
31052	316	2470
31095	315	2076
31101	330	1541
31113	254	1138
31120	266	1194
31196	340	1140
31217	159	2187
31263	224	1782
31293	111	2997
31354	103	2831
31382	300	2714
31463	127	1622
31473	248	2270
31491	163	2739
31493	191	1987
31494	263	2698
31660	240	1636
31671	285	1390
31759	217	1563
31818	193	1367
31847	258	1784
31958	275	1916
31977	121	1403
31998	150	1090
32001	113	1660
32105	290	2233
32106	259	2046
32286	257	2771
32323	137	1219
32363	333	1206
32366	117	2354
32386	244	1267
32404	106	2288
32451	319	2781
32459	330	2400
32592	180	2286
32605	162	2244
32607	149	2559
32692	270	2201
32706	156	2086
32801	147	2721
32855	325	1761
32861	264	1631
32918	307	2861
32924	195	2209
32943	207	1378
32947	253	1304
33133	184	1802
33180	317	2225
33210	124	2220
33210	249	1777
33258	190	1417
33305	112	2195
33331	295	1757
33341	148	1533
33374	234	2396
33383	292	1901
33431	133	1660
33441	238	1495
33484	218	2823
33593	328	1903
33632	201	1871
33633	337	1312
33843	239	2719
33866	213	1639
34073	306	2448
34078	175	1508
34102	191	2185
34133	336	1617
34153	268	1522
34180	188	1519
34214	139	1312
34224	165	2011
34232	146	2495
34301	123	2299
34335	343	2155
34343	284	2491
34343	284	2465
34378	105	2735
34378	250	2937
34381	300	2294
34391	278	1944
34401	168	1882
34448	237	1221
34468	294	2713
34487	141	2770
34690	199	2453
34740	101	1726
34806	340	2232
34948	221	2885
34989	342	2287
35000	177	2009
35119	286	2898
35168	145	1010
35195	262	1201
35260	212	1468
35355	128	1914
35358	174	2666
35507	169	2408
35527	290	2629
35563	304	1762
35663	245	1843
35744	251	1712
35753	276	1230
35790	182	2457
35950	332	2725
35955	165	2708
36018	225	2753
36057	339	2908
36090	204	2864
36172	291	1775
36186	271	2812
36243	202	2471
36371	338	2595
36487	121	1769
36562	250	1220
36571	214	2723
36593	178	2158
36616	337	1123
36695	297	2747
36723	132	1392
36746	220	2000
36822	206	2084
36982	113	2438
37054	325	2479
37069	253	1145
37110	335	2306
37304	255	2367
37309	237	2355
37427	309	2801
37487	284	2328
37519	282	1718
37520	317	1899
37524	281	2213
37544	109	2372
37572	188	1568
37602	300	2384
37668	106	1324
37675	103	2987
37710	127	1456
37720	306	2609
37736	310	2206
37781	110	2436
37835	208	2198
37904	146	1450
37953	286	1553
37981	136	2960
37994	192	1091
38083	234	1575
38104	253	2867
38108	162	2371
38121	264	1929
38158	305	1567
38217	257	1352
38257	240	2499
38300	287	1025
38301	318	1253
38392	243	1305
38407	263	2908
38434	167	1632
38455	273	1061
38477	179	2085
38497	303	2865
38506	113	1558
38537	198	1575
38547	120	1348
38621	205	1929
38622	180	1309
38640	159	1998
38661	102	1607
38693	268	1098
38700	323	1215
38739	270	1736
38742	259	2520
38752	258	2531
38753	274	1169
38756	244	2896
38764	211	2658
38866	165	2607
38883	321	1247
38905	155	1638
39062	195	1534
39106	324	1271
39297	231	2297
39372	199	1685
39420	141	2858
39428	171	1134
39429	337	1729
39437	168	1888
39442	230	2855
39481	237	2807
39586	227	2888
39606	213	2442
39649	309	1885
39684	147	2693
39695	315	2330
39777	265	1079
39827	307	1195
39936	170	2527
39950	177	1635
39979	174	2605
40000	153	2010
40020	173	2138
40041	118	2142
40072	329	2848
40123	186	2216
40175	274	2946
40240	312	1638
40342	134	1525
40380	264	1286
40425	247	2601
40487	265	1781
40514	266	2652
40520	183	2514
40549	339	2852
40669	241	2326
40721	308	2880
40751	158	1465
40789	259	2233
40871	330	2571
40976	126	1454
41045	219	2812
41241	157	1776
41258	115	2156
41421	243	1858
41579	116	2383
41594	111	1109
41608	204	1545
41635	269	2497
41646	254	1516
41655	296	1289
41670	132	2673
41698	165	1117
41723	284	2208
41798	321	1997
41822	295	1473
41882	182	2219
41984	314	2277
42072	325	1708
42089	217	1635
42131	172	2220
42174	328	1607
42198	224	1889
42205	297	2795
42288	215	2346
42312	176	2972
42431	235	2209
42497	272	2546
42501	238	2520
42513	142	1500
42540	208	1095
42544	222	1444
42551	313	1803
42568	110	1468
42571	283	2097
42592	263	2969
42678	187	1235
42686	128	1716
42744	255	1531
42745	145	2352
42819	223	2441
42909	214	1468
43215	158	2758
43455	191	1893
43503	232	1259
43538	221	1884
43574	292	2203
43633	213	2942
43654	218	1373
43698	135	1686
43725	256	1990
43729	202	1693
43778	253	2908
43781	279	2979
43791	276	1068
43855	310	2553
43925	168	1475
44081	182	1859
44092	281	1284
44107	182	2213
44114	290	1624
44116	274	2694
44136	242	2976
44160	342	2810
44263	328	1116
44272	249	2897
44354	240	1626
44379	227	2216
44403	334	2403
44444	229	1085
44511	148	2581
44550	104	2460
44596	100	2623
44605	246	1436
44629	257	2157
44708	326	2541
44727	117	1572
44742	264	1536
44879	234	2433
44940	201	1036
45049	342	2734
45086	241	2567
45089	170	2871
45166	186	1746
45203	146	1148
45262	220	2566
45272	320	2317
45290	225	2825
45345	129	1491
45384	197	2624
45419	121	1855
45508	289	2603
45576	280	1124
45584	301	1045
45611	302	2272
45663	335	1830
45674	315	1738
45717	319	1049
45737	271	2480
45799	141	1969
45801	291	2127
45993	248	1289
46040	236	1553
46052	199	2124
46065	237	2379
46108	239	2540
46159	134	2881
46229	305	1504
46253	213	1746
46344	184	1351
46389	293	1713
46390	173	1220
46450	195	2954
46468	115	1636
46478	171	2197
46530	229	2584
46557	222	1752
46616	321	2935
46630	192	2406
46976	324	1437
47005	190	1963
47025	188	2104
47073	325	1928
47093	309	2978
47102	231	2619
47133	118	2953
47229	157	1652
47247	297	2237
47256	174	1732
47398	139	1847
47515	247	1093
47547	230	1469
47563	253	1548
47564	153	1254
47651	238	2304
47670	183	1437
47725	272	2457
47763	261	1527
47849	320	2811
47880	318	2706
48035	179	1726
48043	116	1624
48106	293	1917
48155	317	2836
48163	211	2123
48231	269	1137
48246	207	1308
48315	154	2046
48315	193	2655
48343	121	1886
48406	310	1949
48509	245	2570
48580	221	2091
48591	205	1935
48694	254	2201
48716	266	1311
48810	332	1170
48845	251	1573
48861	284	2677
48892	273	2695
48901	218	2444
48962	278	2860
49098	270	2823
49125	318	1255
49129	191	1550
49142	304	2459
49170	234	1154
49200	167	2618
49211	312	2707
49278	239	2109
49363	258	2290
49375	113	2926
49402	210	2759
49422	195	1302
49446	143	1187
49450	214	1020
49466	236	2588
49587	102	2632
49717	300	2264
49738	234	1916
49764	330	1408
49791	135	1238
49887	198	2498
49926	323	2616
49991	343	2873
50012	179	1609
50086	185	1040
50135	134	2741
50135	282	2268
50211	151	1690
50216	107	1742
50526	238	2957
50533	283	2471
50556	184	1830
50622	190	1283
50652	158	1135
50661	311	2046
50740	309	1865
50762	203	1275
50775	161	2335
50821	170	2804
50888	295	2244
51142	281	1445
51185	321	2120
51305	186	1035
51311	210	2753
51358	241	1747
51385	224	1659
51386	327	1117
51478	259	1774
51530	225	1693
51550	243	2220
51609	303	1844
51622	326	2545
51637	138	2935
51739	310	1722
51801	316	1334
51930	320	2644
51963	334	1679
51965	168	1091
51972	301	2270
51996	338	1165
52004	220	2234
52134	158	2353
52169	253	2495
52172	304	1755
52175	232	2104
52268	233	1157
52411	224	2233
52508	126	1949
52546	187	2455
52556	229	2999
52681	124	1369
52698	146	2900
52764	308	1191
52815	153	2976
52836	135	1724
52837	213	1426
52841	143	2604
52883	311	1154
52919	109	2653
52953	274	2840
53030	286	1845
53064	294	2961
53122	181	2440
53158	132	2499
53176	337	2815
53228	173	1393
53299	211	1965
53311	106	2860
53345	330	2159
53377	118	2353
53396	206	1638
53616	202	1629
53624	171	1528
53820	328	2692
54029	105	1911
54101	182	1115
54117	317	1791
54124	190	2562
54241	192	2647
54381	338	2289
54480	333	1835
54543	258	2016
54584	313	1882
54607	300	2316
54632	310	2081
54638	342	2938
54660	250	1652
54766	120	1271
54814	201	1773
54905	230	1710
54918	301	1280
54935	225	2362
55180	265	1729
55185	147	1872
55297	218	1795
55305	249	1546
55333	264	2411
55339	237	1382
55493	301	1685
55659	113	2543
55677	141	1292
55694	136	2683
55697	203	1883
55785	239	2785
55842	150	1245
55879	245	2799
55981	155	2763
56025	291	1112
56093	187	1174
56159	128	1398
56164	295	1980
56218	315	2956
56228	322	2702
56235	148	1034
56311	323	1586
56438	109	1155
56456	255	2600
56473	328	1224
56617	207	1984
56627	244	1287
56710	154	1638
56721	263	2465
56723	289	2122
56848	112	2443
56877	189	1986
56994	233	1109
57062	121	1600
57087	227	2608
57151	193	2212
57188	187	1471
57264	238	2320
57281	320	2482
57284	246	1835
57356	127	1414
57375	312	2464
57463	275	2102
57508	135	1629
57517	251	2036
57549	321	1005
57549	333	1052
57578	294	2617
57613	322	2225
57822	284	2467
57825	143	2416
57846	216	2491
57879	214	2073
58057	336	2924
58087	223	2229
58114	162	2455
58191	260	1827
58258	146	1809
58330	102	2819
58351	230	2188
58364	334	2832
58390	264	1230
58480	224	1508
58506	217	1083
58544	220	2859
58550	110	2581
58558	276	1008
58568	309	2316
58642	305	1570
58687	317	1383
58771	337	2747
58886	169	1445
58955	253	2057
59009	292	2965
59014	158	2560
59053	123	2120
59067	107	2012
59098	327	1945
59103	118	1902
59121	304	1654
59122	236	2014
59154	342	1214
59171	156	2992
59208	174	1268
59256	195	1868
59256	199	1670
59263	235	1931
59331	191	1990
59383	321	2719
59398	268	2246
59495	293	2528
59496	173	2784
59585	261	1785
59815	297	1107
59817	139	1294
59832	205	1889
59857	266	1933
59912	280	2388
59924	100	2241
59971	246	1173
60002	232	1246
60040	103	2719
60079	240	1774
60082	108	1517
60098	142	2414
60101	136	2045
60110	259	1594
60124	314	1527
60128	202	2232
60150	249	1490
60156	339	1459
60198	147	2907
60201	223	2861
60213	120	1121
60263	258	2896
60282	184	2698
60421	125	1898
60480	272	1332
60535	231	1269
60559	250	1760
60568	265	1153
60611	241	2929
60697	172	1754
60835	157	1016
60880	338	1203
60958	166	1306
61006	224	2047
61017	242	1070
61029	115	2180
61075	109	2217
61175	213	1581
61189	262	2147
61242	179	1936
61252	274	2106
61292	171	2388
61308	311	2993
61316	239	1337
61344	178	2197
61428	154	1557
61428	225	1997
61493	276	2402
61540	209	1681
61578	197	1578
61683	319	1892
61684	255	1744
61699	340	1470
61707	185	1973
61724	280	2946
61861	308	1598
61892	127	2145
61909	238	2091
61971	136	1109
61993	328	1303
62036	261	1484
62086	303	2005
62121	318	2110
62129	138	1942
62414	117	2710
62790	205	2944
62931	204	1900
62967	166	1369
63022	221	2867
63060	254	1224
63115	302	2958
63168	141	1476
63192	282	1511
63244	111	2531
63248	196	2495
63253	127	1427
63295	120	2976
63472	126	1795
63484	222	1618
63493	241	1591
63513	301	2609
63542	294	2780
63562	280	1565
63660	118	1126
63660	143	1480
63796	295	1349
63820	158	1156
63834	163	2220
63872	184	2911
63877	161	2318
63932	258	1997
64000	108	1933
64230	178	2962
64303	266	2471
64322	323	1021
64325	100	2528
64356	305	1332
64446	271	1079
64448	170	1434
64543	291	1916
64645	274	2094
64695	324	2539
64942	214	1680
64952	153	2031
64989	217	2280
64992	290	2897
65062	256	2665
65119	125	2988
65256	255	2721
65284	229	2591
65386	238	1146
65387	208	1066
65397	176	2271
65412	342	1496
65440	189	2326
65450	310	2209
65530	299	1254
65540	304	2455
65727	156	2758
65769	306	1776
65789	254	2847
65828	246	1566
65855	120	2475
65944	317	1380
65997	243	1159
66148	251	1106
66155	230	2106
66188	165	1106
66256	203	2008
66262	211	2198
66270	141	1657
66296	170	2016
66387	149	1208
66389	276	2130
66398	195	2480
66577	279	1658
66589	266	1652
66619	329	1391
66674	223	2290
66731	183	1062
66764	320	2107
66860	181	2501
66899	112	2044
66908	253	2226
67038	325	2992
67166	138	2348
67216	334	2655
67288	161	1025
67302	174	2300
67361	110	2237
67402	257	1219
67402	305	1975
67454	168	2732
67488	180	1150
67521	213	1112
67559	321	2876
67567	327	2561
67579	271	2123
67620	313	1543
67711	208	1585
67733	137	1451
67757	307	1366
67771	237	2174
67797	337	2103
67831	103	1457
68170	105	1322
68177	233	2169
68212	339	2484
68223	290	2874
68269	196	1702
68275	108	2964
68296	282	2871
68340	118	2620
68372	240	2360
68395	314	1853
68448	153	2624
68451	259	1178
68455	336	2481
68463	193	1477
68507	216	1781
68595	102	1618
68610	272	1291
68633	231	1995
68649	191	1410
68658	224	1613
68668	262	1399
68698	167	2223
68735	187	2507
68777	101	1040
68918	147	1294
68993	311	2729
69002	260	1316
69143	333	1716
69174	277	1527
69222	177	1160
69278	279	1295
69317	251	2795
69343	107	1311
69370	236	2827
69425	195	2400
69612	222	2613
69648	232	2627
69746	138	1927
69754	309	2679
69790	252	1128
69891	297	2946
69900	324	2224
70008	263	2936
70106	145	2381
70259	143	2362
70291	315	1053
70294	189	1435
70343	169	2889
70420	250	2419
70551	199	1972
70574	242	1505
70609	190	2229
70632	155	1756
70686	340	1599
70767	184	1691
70811	134	2822
70876	165	2391
70959	313	2488
71016	304	1679
71152	296	2632
71182	110	1791
71296	215	2460
71359	285	2636
71363	143	1241
71419	186	2657
71458	127	1501
71471	264	1767
71479	168	2148
71499	105	1939
71533	197	1539
71546	330	1994
71615	287	1552
71759	239	1563
71786	274	1825
71801	273	1592
71871	118	1202
71873	154	1014
71932	338	2848
71951	270	1317
72091	172	2598
72170	133	1537
72221	284	1157
72253	158	2479
72290	246	2343
72384	186	1834
72412	308	2688
72471	247	1831
72561	170	1075
72616	266	2295
72690	302	1871
72711	328	1385
72750	100	2856
72915	162	1013
72920	210	2943
72934	141	1274
73031	241	1861
73073	112	1635
73089	295	1791
73206	150	1987
73208	125	1823
73214	179	2318
73233	318	2482
73320	254	1091
73330	234	1086
73338	203	2565
73406	322	2552
73410	312	1845
73440	176	1410
73443	198	1477
73457	221	1975
73465	286	1647
73479	326	2963
73544	268	2329
73564	317	1827
73783	237	2284
73799	343	2002
73839	202	2578
73901	204	2872
73971	167	1607
74114	184	2101
74146	230	1603
74236	115	1359
74343	323	1638
74436	258	1234
74542	109	1858
74544	253	1010
74568	303	1078
74594	146	1251
74665	259	2172
74681	239	2386
74717	309	2843
74732	314	2343
74917	116	2300
74932	276	2747
74993	231	1733
75029	264	2303
75059	114	2187
75177	163	1404
75222	185	2757
75271	159	1202
75345	142	2375
75357	257	2615
75360	252	2586
75361	318	1197
75368	211	1715
75403	212	2423
75501	126	2148
75540	111	1098
75546	216	1301
75584	315	1358
75644	292	1689
75669	330	2520
75705	165	2789
75812	304	1311
75835	103	1886
75962	181	2159
75995	215	2752
75999	320	2991
76094	327	1346
76217	214	1193
76419	121	1951
76507	222	1745
76521	228	1300
76548	199	1528
76572	270	1229
76595	105	1604
76627	209	1832
76637	230	2617
76645	269	2885
76703	339	2719
76724	202	1825
76729	321	2865
76786	325	2682
76921	274	2135
76957	175	2074
76970	248	1926
76992	196	2228
76993	174	1505
77005	231	1832
77007	205	1694
77020	243	2008
77221	249	1809
77242	205	1928
77261	340	2780
77365	135	2110
77657	223	2230
77688	234	1726
77740	100	2076
77782	342	2025
77791	237	1895
77843	276	2607
77936	295	2248
77958	138	1876
78002	120	1147
78088	125	1199
78105	282	1156
78106	260	1734
78213	139	1619
78244	340	2370
78318	232	1916
78326	201	1457
78377	222	2891
78380	205	1669
78391	297	2805
78548	133	1055
78558	294	1995
78605	192	1414
78620	169	2816
78656	333	2479
78747	230	1063
78769	104	2986
78809	149	2714
78817	174	2790
78833	213	2480
78844	195	2600
78932	315	2426
79070	303	2775
79136	182	2812
79177	236	2758
79200	278	2963
79456	233	2199
79525	114	1624
79614	306	1644
79727	193	1502
79759	256	1738
79816	289	1516
79908	325	1669
79919	128	1854
79935	262	2333
79945	275	2485
79973	113	2408
79995	228	2868
80021	302	2503
80027	153	2306
80093	118	1477
80138	332	2068
80390	286	2658
80390	326	1323
80398	324	1844
80399	170	1580
80421	186	1524
80447	127	1265
80454	269	1873
80477	232	1207
80514	340	2962
80542	241	2935
80769	260	2712
80775	221	1628
80895	252	1663
80908	250	2328
80953	179	1750
80955	158	2460
81086	282	2169
81110	308	1084
81154	188	1109
81163	254	1016
81163	328	1081
81325	291	1181
81378	138	2118
81392	141	1808
81431	317	1270
81451	299	1531
81532	264	1317
81779	172	1268
81834	305	1591
81869	135	2698
81954	249	1385
82038	182	1110
82087	322	1436
82103	247	1994
82169	279	1679
82326	259	1989
82357	329	2387
82601	211	1562
82627	142	1864
82658	225	1561
82719	121	1421
82730	251	2994
82749	116	2957
82759	338	2972
82847	257	2269
82876	146	2647
82887	115	2077
82892	228	2955
82899	148	1237
82902	307	1197
82960	289	2772
82962	181	2574
83154	157	2044
83157	105	2921
83176	242	1869
83324	127	1907
83387	270	2477
83440	209	2185
83466	227	2656
83474	165	1261
83538	322	2182
83542	255	1128
83640	223	2048
83701	313	1321
83723	117	2505
83726	123	2241
83760	294	2525
83772	284	1020
83779	167	1816
83780	155	1163
83804	270	2012
83890	190	2912
83907	237	1987
83907	309	2415
83932	204	2199
84003	216	1849
84020	150	2498
84235	217	2638
84251	154	2320
84308	295	2660
84310	271	2182
84314	128	2774
84317	189	1133
84397	158	2912
84411	317	1401
84692	219	1624
84720	183	1112
84756	254	2018
84851	102	2389
84899	245	1808
84952	137	1067
84997	153	1130
85115	258	1865
85135	142	1601
85218	235	2780
85254	269	2503
85502	321	2130
85531	308	1370
85552	112	2435
85561	222	2044
85586	276	1757
85621	210	1754
85725	315	1365
85725	340	2410
85757	191	2931
85761	311	2420
85770	101	1823
85800	187	2770
85875	120	2858
85879	287	2500
85932	178	2445
86121	162	2729
86173	155	2823
86345	182	1558
86394	320	2653
86434	217	2826
86462	293	2288
86464	193	2292
86480	139	1901
86499	259	2779
86506	295	2117
86641	197	2271
86648	325	1028
86678	330	2476
86886	205	2276
86913	248	2323
86934	300	1790
86946	318	2014
86954	207	2399
87045	329	2067
87070	163	1005
87154	236	2948
87185	272	2590
87304	285	2490
87313	125	2978
87335	240	1615
87357	212	1227
87413	229	1479
87466	320	2776
87580	277	1555
87596	338	1110
87614	284	1366
87617	304	2012
87644	167	1401
87690	165	1941
87737	204	2239
87806	314	1154
87818	243	1539
87848	215	1688
87850	334	1837
87943	339	1188
87979	175	2141
88008	113	1762
88032	297	2606
88033	151	1525
88047	134	2633
88080	279	1987
88098	156	1713
88118	302	1427
88146	192	2783
88162	281	2303
88230	121	2886
88283	313	2711
88310	249	2844
88315	184	1006
88333	303	2220
88392	110	1980
88419	337	2915
88439	109	1402
88486	310	1501
88513	230	2012
88523	336	2882
88626	209	1768
88658	257	1677
88680	263	1165
88820	264	2118
88859	278	1576
88869	200	2423
88991	305	1101
89034	180	1331
89051	333	1093
89053	183	2241
89111	195	1142
89115	233	2747
89169	290	1219
89264	266	1475
89276	159	1715
89333	251	1531
89420	162	2461
89543	185	2096
89682	210	2078
89774	214	1520
89785	283	1591
89901	206	1546
89950	117	2652
89956	138	1009
89978	220	1631
90151	321	2759
90435	269	1423
90469	201	2012
90530	142	2119
90613	222	1489
90634	342	1154
90937	316	1059
91030	268	2369
91046	188	2514
91108	148	2970
91183	307	1670
91359	326	1799
91361	231	2204
91482	324	2392
91501	133	1050
91554	223	2195
91620	335	1127
91652	198	2586
91699	170	1997
91717	256	2567
91870	191	1595
91876	227	2135
91929	136	1129
91930	118	1139
91965	315	2996
91978	309	2172
92089	158	2481
92145	332	1592
92157	228	1917
92164	225	2184
92287	154	1214
92509	100	1433
92533	319	2189
92687	114	1345
92772	282	2738
92841	224	2301
92943	161	2451
93072	299	2402
93077	174	2640
93301	327	1022
93430	112	2204
93440	187	1200
93502	252	1263
93514	262	2527
93617	169	1607
93673	127	2749
93929	106	2938
93940	291	1854
94017	155	1738
94032	294	1147
94034	182	1192
94065	172	1892
94119	115	1546
94171	168	2732
94415	129	2071
94449	190	1063
94492	166	1293
94540	219	2369
94594	221	2172
94671	237	1924
94979	234	1278
94999	308	1379
95071	292	1471
95121	137	1255
95606	244	2624
95675	123	2457
95761	107	2178
95868	254	2539
95920	322	2577
96094	273	1219
96118	135	1853
96136	271	2225
96328	211	2748
96594	301	2635
96893	245	2789
97413	111	2540
97473	124	2516
97620	178	1604
97719	289	1194
97742	261	2486
97873	177	2758
97887	286	1587
98141	199	2037
98483	157	2908
98503	145	1983
98801	287	2137
99146	104	1674
99246	202	2900
99807	253	1144
100000	203	1381
100315	232	1598
100816	246	1129
100843	120	1850
101026	242	1376
101350	258	2573
101622	153	1007
101677	102	2309
101880	343	2786
102001	328	1117
102274	150	2920
102281	181	1609
102448	173	1973
102481	317	2594
102502	171	2023
103624	128	2161
103647	235	2308
103678	241	1948
104032	260	1145
104223	255	1064
104372	265	2836
104473	143	2862
104541	323	2698
104726	218	2496
105276	340	1081
106765	247	2703
106771	101	1095
107305	276	1848
107907	270	1491
107922	132	2776
108016	149	1660
108078	126	1584
108414	296	2331
108892	311	1390
109359	179	2369
110334	312	1477
110428	116	1248
111388	208	2674
111442	216	2333
114786	306	2580
114852	147	1631
117365	176	1664
118257	141	1158
120391	189	1391
123420	108	1306
124710	275	1135
131211	196	2293
133360	105	2907